%% 2.1
A=[-36 9 9 0
    9 -36 0 9
    9 0 -36 9
    0 9 9 -36];
b=[4-2/3;6-12;6-12;8-70/3];
x=A^-1*b;
%%
